! phi = -180.0
   -2.28    -1.63    -0.73     0.48     2.78
    3.87     4.34     3.47     3.08    -0.19
    0.42    -4.22    -8.18    -8.82    -7.96
   -5.97    -3.54    -1.63    -0.62    -0.24
   -2.15    -3.13    -3.02    -2.75

! phi = -165.0
   -1.83    -1.36    -0.59     0.57     2.87
    3.95     4.30     3.30     3.08     0.00
   -0.94    -5.51    -7.90    -8.21    -7.24
   -5.26    -2.99    -1.25    -0.29     0.15
   -1.62    -2.47    -2.32    -2.13

! phi = -150.0
   -2.07    -1.67    -0.90     0.29     2.60
    3.61     3.74     2.74     2.69     2.06
   -2.54    -6.39    -7.93    -8.08    -7.02
   -5.03    -2.86    -1.26    -0.38     0.09
   -1.63    -2.45    -2.34    -2.24

! phi = -135.0
   -2.61    -2.10    -1.22     0.02     2.29
    3.07     2.98     2.06     2.30     0.39
   -4.04    -7.04    -8.35    -8.36    -7.17
   -5.15    -3.10    -1.70    -1.86    -1.35
   -2.07    -2.94    -2.88    -2.81

! phi = -120.0
   -2.96    -2.33    -1.41    -0.26     1.81
    2.38     2.30     1.58     2.84    -0.93
   -4.92    -7.44    -8.56    -8.38    -7.03
   -5.06    -3.32    -3.14    -2.26    -1.68
   -2.40    -3.34    -3.33    -3.25

! phi = -105.0
   -2.84    -2.27    -1.50    -0.52     1.43
    2.01     2.08     1.63     2.27    -1.45
   -4.95    -7.17    -8.02    -7.54    -6.08
   -4.60    -4.32    -3.26    -2.23    -1.52
   -2.23    -3.20    -3.23    -3.15

! phi = -90.0
   -2.48    -2.08    -1.48    -0.61     1.35
    2.06     2.37     2.21     1.18    -2.35
   -5.43    -7.30    -7.73    -6.90    -5.94
   -5.07    -4.08    -3.02    -1.96    -1.09
   -1.71    -2.67    -2.71    -2.66

! phi = -75.0
   -2.40    -2.20    -1.73    -0.84     1.26
    2.18     2.77     2.69     0.18    -3.07
   -5.74    -7.10    -7.07    -6.70    -6.51
   -5.06    -4.22    -3.11    -1.96    -0.98
   -1.43    -2.32    -2.37    -2.41

! phi = -60.0
   -3.05    -2.95    -2.38    -1.29     1.00
    2.11     2.93     2.32    -0.14    -2.96
   -5.02    -5.94    -6.32    -6.85    -7.10
   -5.78    -4.80    -3.47    -2.21    -1.22
   -1.71    -2.65    -2.76    -2.91

! phi = -45.0
   -4.06    -3.74    -2.81    -1.50     0.83
    2.14     2.78     1.46    -0.78    -2.98
   -4.57    -5.77    -7.06    -8.05    -8.36
   -6.81    -5.38    -3.72    -2.35    -1.58
   -2.43    -3.63    -3.81    -3.95

! phi = -30.0
   -4.71    -3.96     1.96    -0.46     0.68
    1.58     1.56     0.46    -1.27    -3.02
   -4.82    -6.96    -8.77    -9.85    -9.86
   -7.62    -5.59    -3.56    -2.30    -2.09
   -3.46    -4.77    -4.84    -4.86

! phi = -15.0
   -3.80    -2.59    -2.10    -1.15    -0.11
    0.62     0.78     0.07    -1.38    -3.34
   -6.27    -8.99   -10.94   -11.69   -10.87
   -7.75    -5.17    -3.17    -2.82    -3.10
   -4.47    -4.55    -4.47    -4.32

! phi =   0.0
   -1.98    -1.95    -1.69    -1.02    -0.23
    0.57     1.01     0.35    -1.35    -4.76
   -8.25   -10.95   -12.38   -12.00   -10.21
   -7.70    -5.53    -5.03    -4.78    -4.90
   -4.93    -4.86    -4.80    -4.51

! phi =  15.0
   -1.87    -1.78    -1.46    -0.82     0.15
    1.35     1.89     0.81    -2.28    -5.94
   -9.06   -10.89   -11.14   -10.14    -8.29
   -6.43    -6.05    -5.54    -5.10    -4.87
   -4.80    -4.92    -3.50    -2.34

! phi =  30.0
   -1.99    -1.66    -1.16    -0.30     1.03
    2.31     2.29     0.41    -2.60    -5.73
   -8.04    -9.04    -8.94    -8.03    -6.82
   -6.64    -6.26    -5.33    -4.42    -4.03
   -4.10    -3.73    -3.17    -2.48

! phi =  45.0
   -1.47    -0.97    -0.27     0.79     2.12
    2.93     2.38     0.47    -2.15    -4.71
   -6.44    -7.21    -7.24    -6.87    -6.96
   -6.97    -5.99    -4.43    -3.26    -3.13
   -3.38    -3.21    -2.71    -2.07

! phi =  60.0
   -0.25     0.29     1.09     2.15     3.24
    3.67     2.88     1.09    -1.20    -3.43
   -5.02    -5.96    -6.48    -7.10    -7.72
   -7.17    -5.47    -3.60    -2.55    -2.50
   -2.42    -2.06    -1.49    -0.83

! phi =  75.0
    0.80     1.27     2.04     3.05     4.02
    4.35     3.55     1.89    -0.22    -2.37
   -4.16    -5.59    -6.95    -8.28    -8.47
   -7.22    -5.06    -3.08    -2.03    -1.84
   -1.45    -0.94    -0.33     0.31

! phi =  90.0
    1.19     1.56     2.24     3.16     4.09
    4.55     3.85     2.29     0.25    -2.03
   -4.24    -6.36    -8.35    -9.35    -8.91
   -7.14    -4.65    -2.71    -2.11    -1.63
   -1.06    -0.48     0.13     0.75

! phi = 105.0
    0.85     1.19     1.79     2.64     3.51
    4.11     3.80     2.33     0.23    -2.34
   -5.16    -7.82    -9.64   -10.17    -9.27
   -6.93    -4.13    -2.99    -2.44    -1.78
   -1.18    -0.66    -0.14     0.40

! phi = 120.0
   -0.37     0.20     0.92     1.80     2.66
    3.32     3.41     2.32     0.06    -3.09
   -6.49    -9.23   -10.81   -11.03    -9.68
   -5.28    -4.68    -3.78    -2.83    -2.05
   -1.57    -1.37    -1.23    -0.91

! phi = 135.0
   -1.88    -0.97     0.01     1.08     2.05
    2.79     3.06     2.18    -0.27    -3.82
   -7.43   -10.18   -11.71    -6.87    -8.35
   -7.60    -5.99    -4.34    -3.02    -2.25
   -2.17    -2.47    -2.69    -2.53

! phi = 150.0
   -2.62    -1.65    -0.49     0.79     1.97
    2.87     3.26     2.46    -0.06    -3.69
   -7.26    -9.94    -6.98   -10.30   -10.58
   -8.88    -6.48    -4.32    -2.93    -2.53
   -2.75    -3.16    -3.41    -3.25

! phi = 165.0
   -3.17    -2.34    -1.27     0.04     2.34
    3.37     3.84     3.06     0.59    -2.91
   -6.27    -4.76    -8.94   -11.30   -10.73
   -8.74    -6.35    -4.48    -3.63    -3.61
   -3.72    -3.93    -3.99    -3.74
